,Periods,Total number of passengers,Total passengers arriving,Total passengers departing,TG,TN,TX,SQ,DR,RH,RHX
0,2000-07,4121196,1929467,2191729,15.270967741935486,11.867741935483869,18.67419354838709,4.248387096774194,1.5774193548387094,2.7000000000000006,1.470967741935484
1,2000-08,4096727,2150204,1946523,17.37096774193548,12.299999999999995,21.816129032258065,7.354838709677419,0.6129032258064516,1.6290322580645156,0.9096774193548388
2,2001-07,4278757,2011002,2267755,18.416129032258063,13.816129032258068,22.91935483870968,7.167741935483873,0.8129032258064517,1.3129032258064512,0.6677419354838708
3,2001-08,4246834,2235051,2011783,18.51935483870968,14.154838709677424,22.929032258064517,5.667741935483871,1.7677419354838708,4.86451612903226,2.4096774193548383
4,2002-07,4289281,2034750,2254531,17.258064516129032,13.306451612903228,21.32258064516129,5.612903225806451,1.8258064516129036,3.070967741935484,1.6903225806451612
5,2002-08,4276395,2238757,2037638,18.75483870967741,14.483870967741934,22.70967741935484,5.080645161290323,1.190322580645161,3.338709677419355,1.2741935483870968
6,2003-07,4244484,2010027,2234457,18.68064516129032,13.419354838709676,23.429032258064527,7.754838709677419,1.035483870967742,1.3806451612903223,0.6516129032258065
7,2003-08,4194993,2221070,1973923,19.23870967741936,14.274193548387093,24.28064516129032,7.174193548387094,0.3645161290322581,0.4935483870967742,0.2870967741935484
8,2004-07,4565684,2137750,2427934,17.103225806451615,12.841935483870964,21.31612903225807,6.85483870967742,1.3354838709677417,3.07741935483871,1.4516129032258065
9,2004-08,4483625,2350963,2132662,19.0741935483871,15.119354838709675,23.46129032258065,5.974193548387098,2.0903225806451613,6.583870967741937,3.045161290322581
10,2005-07,4795477,2243374,2552103,17.683870967741935,14.05161290322581,21.416129032258056,5.119354838709677,1.564516129032258,5.032258064516129,1.935483870967742
11,2005-08,4695502,2459777,2235725,16.441935483870967,12.209677419354838,20.44516129032258,6.674193548387098,1.3,3.5451612903225795,1.5290322580645164
12,2006-07,5021544,2346390,2675154,22.174193548387088,16.616129032258065,27.458064516129035,10.454838709677418,0.3483870967741934,0.7838709677419354,0.5580645161290323
13,2006-08,4877589,2561406,2316183,16.670967741935485,12.8741935483871,20.84193548387097,4.377419354838709,2.616129032258064,8.564516129032258,3.412903225806451
14,2007-07,5172312,2424836,2747476,17.054838709677416,13.267741935483867,20.738709677419354,6.732258064516129,2.270967741935484,6.2354838709677445,3.4806451612903224
15,2007-08,5121598,2703161,2418437,17.406451612903226,13.09677419354839,21.751612903225805,6.68709677419355,0.5806451612903226,1.038709677419355,0.6258064516129032
16,2008-07,5175950,2474763,2701187,18.154838709677424,13.970967741935484,22.34838709677419,6.293548387096774,2.351612903225807,4.554838709677418,1.7516129032258063
17,2008-08,5025767,2655629,2370138,17.612903225806452,14.048387096774196,21.290322580645157,5.409677419354838,1.361290322580645,3.00967741935484,1.7580645161290325
18,2009-07,4851476,2275515,2575961,18.21935483870968,13.970967741935484,22.706451612903223,8.083870967741936,1.461290322580645,2.787096774193549,1.403225806451613
19,2009-08,4811406,2553928,2257478,18.86774193548387,13.632258064516126,23.79677419354838,7.416129032258063,0.6,1.0064516129032255,0.5258064516129032
20,2010-07,5119203,2411334,2707869,19.50967741935484,14.49677419354839,24.319354838709685,8.316129032258065,0.8129032258064516,2.2322580645161296,1.2129032258064514
21,2010-08,5058056,2688839,2369217,17.012903225806454,13.238709677419356,20.76129032258065,5.503225806451612,2.3741935483870966,6.361290322580646,2.812903225806452
22,2011-07,5627276,2668554,2958722,15.900000000000002,11.95806451612903,19.70645161290323,5.619354838709678,2.9225806451612906,5.029032258064517,1.1870967741935483
23,2011-08,5540569,2904186,2636383,16.76774193548387,12.670967741935485,20.75161290322581,4.851612903225807,1.8967741935483868,3.9903225806451608,1.9161290322580644
24,2012-07,5759003,2713559,3045444,17.280645161290323,13.16774193548387,21.34516129032258,6.825806451612904,2.17741935483871,5.087096774193547,2.0161290322580645
25,2012-08,5671424,2971537,2699887,18.487096774193542,14.203225806451613,23.125806451612902,7.22258064516129,1.106451612903226,3.870967741935483,1.5483870967741935
26,2013-07,5934128,2804005,3130123,19.170967741935485,14.55161290322581,23.600000000000005,8.429032258064517,0.4645161290322581,0.9870967741935486,0.4709677419354838
27,2013-08,5942981,3106009,2836972,18.4741935483871,13.387096774193548,23.338709677419352,8.016129032258064,0.4612903225806451,0.5806451612903226,0.3935483870967742
28,2014-07,6070119,2841054,3229065,19.63225806451613,15.13225806451613,24.34193548387097,7.361290322580645,1.574193548387097,4.051612903225808,1.4451612903225806
29,2014-08,6261369,3272798,2988571,16.35483870967742,12.348387096774193,20.477419354838705,6.293548387096774,2.280645161290322,5.025806451612904,2.109677419354838
30,2015-07,6568499,3093605,3474894,18.25483870967741,13.5258064516129,22.725806451612904,7.474193548387097,1.6709677419354838,3.07741935483871,1.1225806451612903
31,2015-08,6606203,3459913,3146290,18.52258064516129,14.235483870967744,23.119354838709675,6.751612903225807,2.393548387096774,4.422580645161289,1.883870967741936
32,2016-07,7074939,3325563,3749376,18.34193548387097,13.9741935483871,22.5,7.174193548387097,0.5903225806451613,1.1516129032258062,0.7580645161290321
33,2016-08,7115921,3718176,3397745,18.151612903225807,13.59032258064516,22.277419354838717,7.754838709677419,1.6354838709677415,4.300000000000001,2.003225806451613
34,2017-07,7532873,3560737,3972136,17.95483870967742,13.351612903225808,22.35806451612904,6.680645161290324,1.7032258064516128,3.95483870967742,1.874193548387097
35,2017-08,7608101,3944170,3663931,17.53870967741935,12.9258064516129,21.90967741935484,6.05483870967742,1.5258064516129033,3.064516129032258,1.1387096774193548
36,2018-07,7691695,3621660,4070035,20.5741935483871,14.503225806451612,26.206451612903223,11.061290322580648,0.1129032258064516,0.1225806451612903,0.0806451612903225
37,2018-08,7786633,4018842,3767791,18.69354838709678,13.722580645161294,23.54516129032258,6.706451612903226,1.2612903225806449,2.62258064516129,1.0387096774193547
38,2019-07,7730263,3633107,4097156,18.65806451612903,13.858064516129032,23.7258064516129,8.125806451612904,0.896774193548387,1.3870967741935485,0.5548387096774194
39,2019-08,7859458,4067875,3791583,18.82258064516129,13.967741935483874,23.51935483870968,7.76774193548387,1.0903225806451613,1.7999999999999996,0.7354838709677418
40,2020-07,1690515,760514,930001,17.009677419354837,12.59677419354839,21.093548387096774,7.090322580645161,2.161290322580645,2.045161290322581,0.6516129032258066
41,2020-08,2242935,1198701,1044234,20.5483870967742,15.7258064516129,25.50967741935484,7.509677419354841,1.1806451612903224,2.5612903225806454,1.1645161290322583
42,2021-07,3515159,1584635,1930524,17.990322580645163,13.803225806451614,22.351612903225806,6.432258064516129,0.6580645161290323,1.9580645161290324,1.238709677419355
43,2021-08,4479180,2368993,2110187,17.08064516129032,13.206451612903228,21.09032258064516,5.409677419354841,0.8870967741935484,2.9806451612903238,1.8806451612903223
